* internal metabolites  : 22
* internal irreversible : 4
* internal reversible   : 25
* input  : 0
* output   : 0
* free   : 7
* reacs internes : 29
* reacs externes : 7
H-representation
begin
26 37 rational
0    0   0   0   1   -1   0   0   0   0   -1   -1   -1   0   0   0   0   0   0   0   0   -1   0   0   0   0   0   0   0   0   0   0   0   0   0   0   0   
0    0   0   0   0   1   0   0   0   0   0   0   0   0   0   0   0   0   0   0   0   1   1   0   0   0   0   0   0   0   0   0   -1   0   0   0   0   
0    -1   0   0   0   0   0   -1   0   0   0   0   0   1   1   0   0   0   0   0   0   0   0   0   0   0   0   0   0   0   0   0   0   0   0   0   0   
0    1   0   0   -1   0   0   0   0   1   1   1   1   0   0   0   0   0   0   0   0   0   0   0   0   0   0   0   0   0   0   0   0   0   0   0   0   
0    0   0   0   0   0   -1   0   0   1   0   0   0   0   0   0   0   0   0   0   0   0   0   0   0   0   0   0   0   0   0   0   0   0   0   0   0   
0    0   0   0   0   0   1   0   -1   0   0   0   0   0   0   0   0   0   0   0   0   0   0   0   0   0   0   0   0   0   0   0   0   0   0   0   0   
0    0   0   0   0   0   0   -1   1   0   0   0   0   0   0   0   0   0   0   0   0   0   0   0   0   0   0   0   0   0   0   0   0   0   0   0   0   
0    0   0   0   0   0   0   1   -1   0   0   0   0   0   0   0   0   0   0   0   0   0   0   0   0   0   0   0   0   0   0   0   0   0   0   0   0   
0    0   0   0   0   0   0   1   0   0   0   0   0   1   1   0   0   0   0   0   0   0   0   0   0   0   0   0   0   0   0   0   0   -1   0   0   0   
0    0   0   0   0   0   0   0   1   -1   0   0   0   0   0   0   0   0   0   0   0   0   0   0   0   0   0   0   0   0   0   0   0   0   0   0   0   
0    0   0   0   0   0   0   0   0   0   0   0   0   -1   0   1   0   0   0   0   0   0   0   0   0   0   0   0   0   0   0   0   0   0   0   0   0   
0    0   0   0   0   0   0   0   0   0   0   0   0   0   -1   -1   1   0   0   0   0   0   0   1   0   0   0   0   0   0   0   0   0   0   0   0   0   
0    0   1   1   0   0   0   0   0   0   0   0   0   0   0   0   -1   -1   -1   1   0   0   0   0   -1   0   0   0   0   0   0   0   0   0   0   0   0   
0    0   0   0   0   0   0   0   0   0   0   0   0   0   0   0   0   1   0   0   0   0   0   0   0   0   0   0   0   0   0   0   0   0   -1   0   0   
0    0   -1   -1   0   0   0   0   0   0   0   0   0   0   0   0   0   1   0   0   1   0   0   0   0   1   1   -1   -1   -1   0   0   0   0   0   0   0   
0    0   -1   -1   0   0   0   0   0   0   0   0   0   0   0   0   0   0   -1   0   1   0   0   0   0   0   0   0   0   0   0   0   0   0   0   0   0   
0    0   0   0   0   0   0   0   0   0   0   0   0   0   0   0   0   0   1   -1   -1   0   0   0   0   0   0   0   0   0   0   0   0   0   0   0   0   
0    0   1   1   0   0   0   0   0   0   0   0   0   0   0   0   0   0   0   1   0   0   0   0   0   0   0   0   0   0   0   0   0   0   0   -1   0   
0    0   0   0   0   0   0   0   0   0   0   0   0   0   0   0   0   0   0   0   0   0   -1   0   0   -1   0   0   0   0   -1   0   0   0   0   0   0   
0    0   0   0   0   0   0   0   0   0   0   0   0   0   0   0   0   0   0   0   0   0   0   -1   1   0   0   0   0   0   0   0   0   0   0   0   0   
0    0   0   0   0   0   0   0   0   0   0   0   0   0   0   0   0   0   0   0   0   0   0   0   0   0   -1   0   0   0   0   -1   0   0   0   0   0   
0    0   0   0   0   0   0   0   0   0   0   0   0   0   0   0   0   0   0   0   0   0   0   0   0   0   0   1   1   1   0   0   0   0   0   0   -1   
0  1   0   0   0   0   0   0   0   0   0   0   0   0   0   0   0   0   0   0   0   0   0   0   0   0   0   0   0   0   0   0   0   0   0   0   0   
0  0   1   0   0   0   0   0   0   0   0   0   0   0   0   0   0   0   0   0   0   0   0   0   0   0   0   0   0   0   0   0   0   0   0   0   0   
0  0   0   1   0   0   0   0   0   0   0   0   0   0   0   0   0   0   0   0   0   0   0   0   0   0   0   0   0   0   0   0   0   0   0   0   0   
0  0   0   0   1   0   0   0   0   0   0   0   0   0   0   0   0   0   0   0   0   0   0   0   0   0   0   0   0   0   0   0   0   0   0   0   0   
end
equality 22 1 2 3 4 5 6 7 8 9 10 11 12 13 14 15 16 17 18 19 20 21 22 