* roworder: lexmin
V-representation
linearity 8  20 21 22 23 24 25 26 27
begin
 27 58 real
  0  0  0  0  1  0  1  0  1  0  0  0  0  0  0  0  1  0  0  0  0  0  0  0  0  0  0  0  0 -1  0  0 -1  0  0  0  0  1  0 -1  0  0  0  0  1  0 -1  0  0  0  0  0  0  0  0  0  0  1
  0  0  0  0  1  0  1  0  0  0  0  0  1  0  0  0  1  0  0  0  0  0  0  0  0  0  0  0  0 -1  0  0 -1  0  0  0  0  1  0  0  1  0  0  0  1  0  0  0  0  0  0 -1  0  0  0  0  0  1
  0  0  0  0  1  0  1  0  0  0  0  0  0  1  0  0  0  0  0  1  0  0  1  0  0  0  0  0  0 -1  0  0 -1  0  0  0  0  1  0  0  0  0  0  0  1  0  0  0  0  0  0 -1  0  0  0  0  0  1
  0  0  0  0  0  1  1  0  1  0  0  0  0  0  0  0  1  0  0  0  0  0  0  0  0  0  0  0  0 -1  0  0 -1  0  0  0  0  1  0 -1  0  0  0  0  1  0 -1  0  0  0  0  0  0  0  0  0  0  1
  0  0  0  0  0  1  1  0  0  0  0  0  1  0  0  0  1  0  0  0  0  0  0  0  0  0  0  0  0 -1  0  0 -1  0  0  0  0  1  0  0  1  0  0  0  1  0  0  0  0  0  0 -1  0  0  0  0  0  1
  0  0  0  0  0  1  1  0  0  0  0  0  0  1  0  0  0  0  0  1  0  0  1  0  0  0  0  0  0 -1  0  0 -1  0  0  0  0  1  0  0  0  0  0  0  1  0  0  0  0  0  0 -1  0  0  0  0  0  1
  0  0  0  0  0  0  0  0  1  1  0  0  0  0  0  0  0  0  0  0  0  0  0  0  1 -1  0 -1  0  0  0  0  0  0  0  0  0  0  0  0  0  0  0  0  0  0 -1  1  0  0  0  0  0  0  0  1  0  0
  0  0  0  0  0  0  0  0  1  0  0  1  0  0  0  0  0  0  0  0  0  0  0  0  0  0  0  0  0 -1  0  0 -1  0  0  0  0  1  0 -1  0  0  0  0  1  0 -1  0  0  0  0  0  0  0  0  0  0  1
  0  0  0  0  0  0  0  0  0  0  0  1  1  0  0  0  0  0  0  0  0  0  0  0  0  0  0  0  0 -1  0  0 -1  0  0  0  0  1  0  0  1  0  0  0  1  0  0  0  0  0  0 -1  0  0  0  0  0  1
  0  0  0  0  0  0  0  0  0  1  0  0  1  0  0  0  0  0  0  0  0  0  0  0  1 -1  0 -1  0  0  0  0  0  0  0  0  0  0  0  1  1  0  0  0  0  0  0  1  0  0  0 -1  0  0  0  1  0  0
  0  0  0  1  0  0  0  0  0  0  0  0  0  0  0  0  0  0  0  0  0  0  0  0  0  1  0  1  0  0  0  0  0  0  0 -1 -1  0  0  0  0  0  0  0  0  1  0 -1  0  0  0  0  0  0  0  0  0  0
  0  1  0  0  0  0  0  0  0  0  0  0  0  0  0  0  0  0  0  0  1  0  0  0  0  0  0  0 -1 -1  0  0  0  0  0  0  0  0  0  0  0  0  0  0  0  0  0  0  0  0  0  0  0  0  0  0  0  0
  0  0  0  0  0  0  0  0  0  0  0  0  0  0  1  0  0  0  0  0  0  0  0  0  0  0  0  0  0  0  0  0  0  0  0  0  0  0  0  0 -1  0  0  0  0  0  0  0  0  0  0  0  0  0  0  0  0  0
  0  0  0  0  0  0  0  0  0  0  0  0  0  0  0  1  0  0  0  0  0  0  0  0  0  0  0  0  0  0  0  0  0  0  0  0  0  0  0  0  0 -1  0  0  0  0  0  0  0  0  0  0  0  0  0  0  0  0
  0  0  0  0  0  0  0  0  0  0  0  0  0  0  0  0  0  0  1  0  0  0  0  0  0 -1  0 -1  0  1  0  0  1  1  0  0  0  0  0  0  0  0  0  0 -1  0  0  1  0  0  0  0  0  0  0  0  0  0
  0  0  0  0  0  0  0  0  0  0  0  0  0  0  0  0  0  1  0  0  0  0  0  0  0 -2  0 -2  0  4  0 -1  3  3 -2  0 -2  0  0  0  0  0  0  1 -4  2  0  2  0  0  0  0  0  0  0  0  0  0
  0  0  0  0  0  0  0  0  0  0  1  0  0  0  0  0  0  0  0  0  0  0  0  0  1 -1  0 -1  0  1  0  0  1  0  0  0  0 -1  0  0  0  0  0  0 -1  0  0  1  0  0  0  0  0  0  0  1  0 -1
  0  0  1  0  0  0  0  0  0  0  0  0  0  0  0  0  0  0  0  0  0  0  0  0  0 -1  0 -1  0  0  0  0  0  0  0  1  1  0  0  0  0  0  0  0  0 -1  0  1  0  0  0  0  0  0  0  0  0  0
  0  0  0  0  0  0  0  1  0  0  0  0  0  0  0  0  0  0  0  0  0  1  0  0  0  0  0  0  0 -1  0  0 -1  0  0  0  0  1  1  0  0  0  0  0  1 -1  0  0  0  0  0  0  0  0  0  0  0  1
  0  0  0  0  0  0  0  0  0  0  0  0  0  0  0  0  0  0  0  0  0  0  0  0  0  0  0  0  0  0  0  0  0  0  0  0  0  0  0  0  0 -1  1  0  0  0  0  0  0  0  0  0  0  0  0  0  0  0
  0  0  0  0  0  0  0  0  0  0  0  0  0  0  0  0  0  0  0  0  0  0  0  0  0  1 -1  0  0  0  0  0  0  0  0  0  0  0  0  0  0  0  0  0  0  0  0 -1  1  0  0  0  0  0  0  0  0  0
  0  0  0  0  0  0  0  0  0  0  0  0  0  0  0  0  0  0  0  0  0  0  0  0  0  0  0  0  0  1 -1  0  0  0  0  0  0  0  0  0  0  0  0  0 -1  0  0  0  0  1  0  0  0  0  0  0  0  0
  0  0  0  0  0  0  0  0  0  0  0  0  0  0  0  0  0  0  0  0  0  0  0  0  0 -1  0 -1  0  2  0 -1  1  1  0  0  0  0  0  0  0  0  0  0 -2  0  0  1  0  0  1  0  0  0  0  0  0  0
  0  0  0  0  0  0  0  0  0  0  0  0  0  0  0  0  0  0  0  0  0  0  0  0  0  0  0  0  0  0  0  0  0  0  0  0  0  0  0  0  1 -1  0  0  0  0  0  0  0  0  0 -1  1  0  0  0  0  0
  0  0  0  0  0  0  0  0  0  0  0  0  0  0  0  0  0  0  0  0  0  0  0  0  0  0  0  0  1  1  0  0  0  0  0  0  0  0  0  0  0  0  0  0 -1  0  0  0  0  0  0  0  0  1  0  0  0  0
  0  0  0  0  0  0  0  0  0  0  0  0  0  0  0  0  0  0  0  0  0  0  0  1  0  0  0  0  0  0  0  0  0  0  0  0  0  0  0  0  0  0  0  0  0  0 -1  0  0  0  0  0  0  0  1  0  0  0
  0  0  0  0  0  0  0  0  0  0  0  0  0  0  0  0  0  0  0  0  0  0  0  0  0  1  0  1  0 -1  0  0 -1 -1  1  0  1  0  0  0  0  0  0  0  1 -1  0 -1  0  0  0  0  0  0  0  0  1  0
end
