METATOOL OUTPUT Version 5.0.4

freq_of_nodes = 10.45 * edges^(-0.9825)
Linear correlation coefficient: -0.8004.
The dependency is significant (p < 0.05).


STOICHIOMETRIC MATRIX

 matrix dimension r73 x c36
0 0 0 1 -1 0 0 0 0 -1 -1 -1 0 0 0 0 0 0 0 0 -1 0 0 0 0 0 0 0 0 0 0 0 0 0 0 0 
-1 0 0 0 0 0 -1 0 0 0 0 0 1 1 0 0 0 0 0 0 0 0 0 0 0 0 0 0 0 0 0 0 0 0 0 0 
0 0 0 0 0 -1 0 0 1 0 0 0 0 0 0 0 0 0 0 0 0 0 0 0 0 0 0 0 0 0 0 0 0 0 0 0 
0 0 0 0 0 0 -1 1 0 0 0 0 0 0 0 0 0 0 0 0 0 0 0 0 0 0 0 0 0 0 0 0 0 0 0 0 
0 0 0 0 0 0 0 0 0 0 0 0 0 0 0 0 0 0 0 0 0 0 0 0 0 0 0 0 0 0 0 0 0 0 0 0 
0 0 0 0 0 1 0 -1 0 0 0 0 0 0 0 0 0 0 0 0 0 0 0 0 0 0 0 0 0 0 0 0 0 0 0 0 
0 0 0 0 0 0 1 -1 0 0 0 0 0 0 0 0 0 0 0 0 0 0 0 0 0 0 0 0 0 0 0 0 0 0 0 0 
0 0 0 0 0 0 0 1 -1 0 0 0 0 0 0 0 0 0 0 0 0 0 0 0 0 0 0 0 0 0 0 0 0 0 0 0 
0 0 0 0 0 0 0 0 0 0 0 0 0 0 0 0 0 0 0 0 0 0 0 0 0 0 0 0 0 0 0 0 0 0 0 0 
0 0 0 0 0 0 0 0 0 0 0 0 0 0 0 0 0 0 0 0 0 0 0 0 0 0 0 0 0 0 0 0 0 0 0 0 
0 0 0 0 0 0 0 0 0 0 0 0 0 0 0 0 0 0 0 0 0 0 0 0 0 0 0 0 0 0 0 0 0 0 0 0 
0 0 0 0 0 0 0 0 0 0 0 0 -1 0 1 0 0 0 0 0 0 0 0 0 0 0 0 0 0 0 0 0 0 0 0 0 
0 0 0 0 0 0 0 0 0 0 0 0 0 -1 -1 1 0 0 0 0 0 0 1 0 0 0 0 0 0 0 0 0 0 0 0 0 
0 0 0 0 0 0 0 0 0 0 0 0 0 0 0 0 0 0 0 0 0 0 0 0 0 0 0 0 0 0 0 0 0 0 0 0 
0 1 1 0 0 0 0 0 0 0 0 0 0 0 0 -1 -1 -1 1 0 0 0 0 -1 0 0 0 0 0 0 0 0 0 0 0 0 
0 0 0 0 0 0 0 0 0 0 0 0 0 0 0 0 0 0 0 0 0 0 0 0 0 0 0 0 0 0 0 0 0 0 0 0 
0 0 0 0 0 0 0 0 0 0 0 0 0 0 0 0 0 0 0 0 0 0 0 0 0 0 0 0 0 0 0 0 0 0 0 0 
0 -1 -1 0 0 0 0 0 0 0 0 0 0 0 0 0 0 -1 0 1 0 0 0 0 0 0 0 0 0 0 0 0 0 0 0 0 
0 0 0 0 0 0 0 0 0 0 0 0 0 0 0 0 0 1 -1 -1 0 0 0 0 0 0 0 0 0 0 0 0 0 0 0 0 
0 0 0 0 0 0 0 0 0 0 0 0 0 0 0 0 0 0 0 0 0 0 0 0 0 0 0 0 0 0 0 0 0 0 0 0 
0 -1 -1 0 0 0 0 0 0 0 0 0 0 0 0 0 1 0 0 1 0 0 0 0 1 1 -1 -1 -1 0 0 0 0 0 0 0 
0 0 0 0 0 0 0 0 0 0 0 0 0 0 0 0 0 0 0 0 0 0 0 0 0 0 0 0 0 0 0 0 0 0 0 0 
0 0 0 0 0 0 0 0 0 0 0 0 0 0 0 0 0 0 0 0 0 0 0 0 0 0 0 0 0 0 0 0 0 0 0 0 
0 0 0 0 0 0 0 0 0 0 0 0 0 0 0 0 0 0 0 0 0 0 -1 1 0 0 0 0 0 0 0 0 0 0 0 0 
0 0 0 0 0 0 0 0 0 0 0 0 0 0 0 0 0 0 0 0 0 0 0 0 0 0 0 0 0 0 0 0 0 0 0 0 
0 0 0 0 0 0 0 0 0 0 0 0 0 0 0 0 0 0 0 0 0 0 0 0 0 0 0 0 0 0 0 0 0 0 0 0 
0 0 0 0 0 0 0 0 0 0 0 0 0 0 0 0 0 0 0 0 0 0 0 0 0 0 0 0 0 0 0 0 0 0 0 0 
0 0 0 0 0 0 0 0 0 0 0 0 0 0 0 0 0 0 0 0 0 -1 0 0 -1 0 0 0 0 1 0 0 0 0 0 0 
0 0 0 0 0 0 0 0 0 0 0 0 0 0 0 0 0 0 0 0 0 0 0 0 0 0 0 0 0 0 0 0 0 0 0 0 
0 0 0 0 0 0 0 0 0 0 0 0 0 0 0 0 0 0 0 0 0 0 0 0 0 0 0 0 0 0 0 0 0 0 0 0 
0 0 0 0 0 0 0 0 0 0 0 0 0 0 0 0 0 0 0 0 0 0 0 0 0 0 0 0 0 0 0 0 0 0 0 0 
1 0 0 -1 0 0 0 0 1 1 1 1 0 0 0 0 0 0 0 0 0 0 0 0 0 0 0 0 0 0 0 0 0 0 0 0 
0 0 0 0 0 0 0 0 0 0 0 0 0 0 0 0 0 0 0 0 0 0 0 0 0 0 0 0 0 0 0 0 0 0 0 0 
0 0 0 0 0 0 0 0 0 0 0 0 0 0 0 0 0 0 0 0 0 0 0 0 0 0 0 0 0 0 0 0 0 0 0 0 
0 0 0 0 0 0 0 0 0 0 0 0 0 0 0 0 0 0 0 0 0 0 0 0 0 0 0 0 0 0 0 0 0 0 0 0 
0 0 0 0 0 0 0 0 0 0 0 0 0 0 0 0 0 0 0 0 0 0 0 0 0 0 0 0 0 0 0 0 0 0 0 0 
0 0 0 0 0 0 0 0 0 0 0 0 0 0 0 0 0 0 0 0 0 0 0 0 0 0 0 0 0 0 0 0 0 0 0 0 
0 0 0 0 0 0 0 0 0 0 0 0 0 0 0 0 0 0 0 0 0 0 0 0 0 0 0 0 0 0 0 0 0 0 0 0 
0 0 0 0 0 0 0 0 0 0 0 0 0 0 0 0 0 0 0 0 0 0 0 0 0 0 0 0 0 0 0 0 0 0 0 0 
0 0 0 0 0 0 0 0 0 0 0 0 0 0 0 0 0 0 0 0 0 0 0 0 0 0 0 0 0 0 0 0 0 0 0 0 
0 0 0 0 0 0 0 0 0 0 0 0 0 0 0 0 0 0 0 0 0 0 0 0 0 0 0 0 0 0 0 0 0 0 0 0 
0 0 0 0 0 0 0 0 0 0 0 0 0 0 0 0 0 0 0 0 0 0 0 0 0 0 0 0 0 0 0 0 0 0 0 0 
0 0 0 0 0 0 0 0 0 0 0 0 0 0 0 0 0 0 0 0 0 0 0 0 0 0 0 0 0 0 0 0 0 0 0 0 
0 0 0 0 0 0 1 0 0 0 0 0 1 1 0 0 0 0 0 0 0 0 0 0 0 0 0 0 0 0 0 0 1 0 0 0 
0 0 0 0 0 0 0 0 0 0 0 0 0 0 0 0 0 0 0 0 0 0 0 0 0 0 0 0 0 0 0 0 0 0 0 0 
0 0 0 0 0 0 0 0 0 0 0 0 0 0 0 0 0 0 0 0 0 0 0 0 0 0 0 0 0 0 0 0 0 0 0 0 
0 0 0 0 0 0 0 0 0 0 0 0 0 0 0 0 0 0 0 0 0 0 0 0 0 0 0 0 0 0 0 0 0 0 0 0 
0 0 0 0 0 0 0 0 0 0 0 0 0 0 0 0 0 0 0 0 0 0 0 0 0 0 0 0 0 0 0 0 0 0 0 0 
0 0 0 0 0 0 0 0 0 0 0 0 0 0 0 0 0 0 0 0 0 0 0 0 0 0 0 0 0 0 0 0 0 0 0 0 
0 0 0 0 0 0 0 0 0 0 0 0 0 0 0 0 0 0 0 0 0 0 0 0 0 0 0 0 0 0 0 0 0 0 0 0 
0 0 0 0 0 0 0 0 0 0 0 0 0 0 0 0 0 0 0 0 0 0 0 0 0 0 0 0 0 0 0 0 0 0 0 0 
0 0 0 0 0 0 0 0 0 0 0 0 0 0 0 0 0 0 0 0 0 0 0 0 0 0 0 0 0 0 0 0 0 0 0 0 
0 1 1 0 0 0 0 0 0 0 0 0 0 0 0 0 0 0 1 0 0 0 0 0 0 0 0 0 0 0 0 0 0 0 1 0 
0 0 0 0 0 0 0 0 0 0 0 0 0 0 0 0 0 0 0 0 0 0 0 0 0 0 0 0 0 0 0 0 0 0 0 0 
0 0 0 0 0 0 0 0 0 0 0 0 0 0 0 0 0 0 0 0 0 0 0 0 0 0 0 0 0 0 0 0 0 0 0 0 
0 0 0 0 1 0 0 0 0 0 0 0 0 0 0 0 0 0 0 0 1 1 0 0 0 0 0 0 0 0 0 1 0 0 0 0 
0 0 0 0 0 0 0 0 0 0 0 0 0 0 0 0 0 0 0 0 0 0 0 0 0 0 0 0 0 0 0 0 0 0 0 0 
0 0 0 0 0 0 0 0 0 0 0 0 0 0 0 0 0 0 0 0 0 0 0 0 0 0 0 0 0 0 0 0 0 0 0 0 
0 0 0 0 0 0 0 0 0 0 0 0 0 0 0 0 0 0 0 0 0 0 0 0 0 0 0 0 0 0 0 0 0 0 0 0 
0 0 0 0 0 0 0 0 0 0 0 0 0 0 0 0 0 0 0 0 0 0 0 0 0 0 0 0 0 0 0 0 0 0 0 0 
0 0 0 0 0 0 0 0 0 0 0 0 0 0 0 0 0 0 0 0 0 0 0 0 0 0 0 0 0 0 0 0 0 0 0 0 
0 0 0 0 0 0 0 0 0 0 0 0 0 0 0 0 0 0 0 0 0 0 0 0 0 0 0 0 0 0 0 0 0 0 0 0 
0 0 0 0 0 0 0 0 0 0 0 0 0 0 0 0 0 0 0 0 0 0 0 0 0 0 0 0 0 0 0 0 0 0 0 0 
0 0 0 0 0 0 0 0 0 0 0 0 0 0 0 0 0 0 0 0 0 0 0 0 0 0 1 1 1 0 0 0 0 0 0 1 
0 0 0 0 0 0 0 0 0 0 0 0 0 0 0 0 0 0 0 0 0 0 0 0 0 0 0 0 0 0 0 0 0 0 0 0 
0 0 0 0 0 0 0 0 0 0 0 0 0 0 0 0 0 0 0 0 0 0 0 0 0 0 0 0 0 0 0 0 0 0 0 0 
0 0 0 0 0 0 0 0 0 0 0 0 0 0 0 0 0 0 0 0 0 0 0 0 0 0 0 0 0 0 0 0 0 0 0 0 
0 0 0 0 0 0 0 0 0 0 0 0 0 0 0 0 0 0 0 0 0 0 0 0 0 -1 0 0 0 0 1 0 0 0 0 0 
0 0 0 0 0 0 0 0 0 0 0 0 0 0 0 0 0 0 0 0 0 0 0 0 0 0 0 0 0 0 0 0 0 0 0 0 
0 0 0 0 0 0 0 0 0 0 0 0 0 0 0 0 0 0 0 0 0 0 0 0 0 0 0 0 0 0 0 0 0 0 0 0 
0 0 0 0 0 0 0 0 0 0 0 0 0 0 0 0 1 0 0 0 0 0 0 0 0 0 0 0 0 0 0 0 0 1 0 0 
0 0 0 0 0 0 0 0 0 0 0 0 0 0 0 0 0 0 0 0 0 0 0 0 0 0 0 0 0 0 0 0 0 0 0 0 
0 0 0 0 0 0 0 0 0 0 0 0 0 0 0 0 0 0 0 0 0 0 0 0 0 0 0 0 0 0 0 0 0 0 0 0 
The following line indicates reversible (0) and irreversible reactions (1)
1 1 1 1 0 0 0 0 0 0 0 0 0 0 0 0 0 0 0 0 0 0 0 0 0 0 0 0 0 0 0 0 0 0 0 0 


KERNEL

 matrix dimension r16 x c36
0 -1 1 0 0 0 0 0 0 0 0 0 0 0 0 0 0 0 0 0 0 0 0 0 0 0 0 0 0 0 0 0 0 0 0 0 
0 0 0 1 0 0 0 0 0 1 0 0 0 0 0 0 0 0 0 0 0 0 0 0 0 0 0 0 0 0 0 0 0 0 0 0 
0 0 0 1 0 0 0 0 0 0 1 0 0 0 0 0 0 0 0 0 0 0 0 0 0 0 0 0 0 0 0 0 0 0 0 0 
0 0 0 1 0 0 0 0 0 0 0 1 0 0 0 0 0 0 0 0 0 0 0 0 0 0 0 0 0 0 0 0 0 0 0 0 
0 0 0 0 0 0 0 0 0 0 0 0 1 -1 1 0 0 0 0 0 0 0 0 0 0 0 0 0 0 0 0 0 0 0 0 0 
0 1 0 0 0 0 0 0 0 0 0 0 0 0 0 0 0 0 -1 1 0 0 0 0 0 0 0 0 0 0 0 0 0 0 0 0 
0 0 0 0 -1 0 0 0 0 0 0 0 0 0 0 0 0 0 0 0 1 0 0 0 0 0 0 0 0 0 0 0 0 0 0 0 
0 0 0 0 0 0 0 0 0 0 0 0 0 0 0 -1 0 0 0 0 0 0 1 1 0 0 0 0 0 0 0 0 0 0 0 0 
2 1 0 1 1 -1 -1 -1 -1 0 0 0 0 1 0 1 0 -1 -1 0 0 -1 0 0 1 0 0 0 0 0 0 0 0 0 0 0 
0 0 0 0 0 0 0 0 0 0 0 0 0 0 0 0 0 0 0 0 0 0 0 0 0 0 -1 1 0 0 0 0 0 0 0 0 
0 0 0 0 0 0 0 0 0 0 0 0 0 0 0 0 0 0 0 0 0 0 0 0 0 0 -1 0 1 0 0 0 0 0 0 0 
2 1 0 1 1 -1 -1 -1 -1 0 0 0 0 1 0 1 0 -1 -1 0 0 -1 0 0 0 1 0 0 0 -1 1 0 0 0 0 0 
0 0 0 0 0 0 0 0 0 0 0 0 0 0 0 0 0 0 0 0 0 -1 0 0 0 0 0 0 0 -1 0 1 0 0 0 0 
1 0 0 0 0 -1 -1 -1 -1 0 0 0 0 0 0 0 0 0 0 0 0 0 0 0 0 0 0 0 0 0 0 0 1 0 0 0 
0 -1 0 0 0 0 0 0 0 0 0 0 0 0 0 0 -1 1 1 0 0 0 0 0 0 0 0 0 0 0 0 0 0 1 0 0 
2 1 0 1 1 -1 -1 -1 -1 0 0 0 0 1 0 1 0 -1 -1 0 0 -1 0 0 0 0 -1 0 0 -1 0 0 0 0 0 1 

 enzymes

 1: (2)	-rn:R00352 rn:R00351 
 2: (2)	rn:R00407 rn:R00405 
 3: (2)	rn:R00407 rn:R00432 
 4: (2)	rn:R00407 rn:R00727 
 5: (3)	rn:R00268 -rn:R00709 rn:R01899 
 6: (3)	rn:R00352 -rn:R01322 rn:R00354 
 7: (2)	-rn:R00412 rn:R02164 
 8: (3)	-rn:R01324 rn:R01900 rn:R01325 
 9: (14)	2 rn:R01197 rn:R00352 rn:R00407 rn:R00412 -rn:R01698 -rn:R00621 -rn:R03316 -rn:R02570 rn:R00709 rn:R01324 -rn:R01323 -rn:R01322 -rn:R01082 rn:R00342 
 10: (2)	-rn:R00431 rn:R00726 
 11: (2)	-rn:R00431 rn:R00341 
 12: (16)	2 rn:R01197 rn:R00352 rn:R00407 rn:R00412 -rn:R01698 -rn:R00621 -rn:R03316 -rn:R02570 rn:R00709 rn:R01324 -rn:R01323 -rn:R01322 -rn:R01082 rn:R00344 -cpd:C00149_Rx cpd:C00022_Rx 
 13: (3)	-rn:R01082 -cpd:C00149_Rx cpd:C00122_Rx 
 14: (6)	rn:R01197 -rn:R01698 -rn:R00621 -rn:R03316 -rn:R02570 cpd:C00011_Rx 
 15: (5)	-rn:R00352 -rn:R00362 rn:R01323 rn:R01322 cpd:C00033_Rx 
 16: (16)	2 rn:R01197 rn:R00352 rn:R00407 rn:R00412 -rn:R01698 -rn:R00621 -rn:R03316 -rn:R02570 rn:R00709 rn:R01324 -rn:R01323 -rn:R01322 -rn:R01082 -rn:R00431 -cpd:C00149_Rx cpd:C00074_Rx 

 overall reaction

 1:	no net transformation of external metabolites
 2:	no net transformation of external metabolites
 3:	no net transformation of external metabolites
 4:	no net transformation of external metabolites
 5:	no net transformation of external metabolites
 6:	no net transformation of external metabolites
 7:	no net transformation of external metabolites
 8:	no net transformation of external metabolites
 9:	no net transformation of external metabolites
 10:	no net transformation of external metabolites
 11:	no net transformation of external metabolites
 12:	cpd:C00022_x = cpd:C00149_x 
 13:	cpd:C00122_x = cpd:C00149_x 
 14:	cpd:C00011_x = 
 15:	cpd:C00033_x = 
 16:	cpd:C00074_x = cpd:C00149_x 


CONSERVATION RELATIONS

 matrix dimension r53 x c73
-0 -0 -0 -0 1 -0 0 0 0 0 0 -0 -0 0 -0 0 0 -0 -0 0 -0 0 0 -0 0 0 0 -0 0 0 0 -0 0 0 0 0 0 0 0 0 0 0 0 -0 0 0 0 0 0 0 0 0 -0 0 0 -0 0 0 0 0 0 0 0 -0 0 0 0 -0 0 0 -0 0 0 
-0 -0 -0 1 0 -0 1 0 0 0 0 -0 -0 0 -0 0 0 -0 -0 0 -0 0 0 -0 0 0 0 -0 0 0 0 -0 0 0 0 0 0 0 0 0 0 0 0 -0 0 0 0 0 0 0 0 0 -0 0 0 -0 0 0 0 0 0 0 0 -0 0 0 0 -0 0 0 -0 0 0 
-0 -0 1 -0 0 1 0 1 0 0 0 -0 -0 0 -0 0 0 -0 -0 0 -0 0 0 -0 0 0 0 -0 0 0 0 -0 0 0 0 0 0 0 0 0 0 0 0 -0 0 0 0 0 0 0 0 0 -0 0 0 -0 0 0 0 0 0 0 0 -0 0 0 0 -0 0 0 -0 0 0 
-0 -0 -0 -0 0 -0 0 0 1 0 0 -0 -0 0 -0 0 0 -0 -0 0 -0 0 0 -0 0 0 0 -0 0 0 0 -0 0 0 0 0 0 0 0 0 0 0 0 -0 0 0 0 0 0 0 0 0 -0 0 0 -0 0 0 0 0 0 0 0 -0 0 0 0 -0 0 0 -0 0 0 
-0 -0 -0 -0 0 -0 0 0 0 1 0 -0 -0 0 -0 0 0 -0 -0 0 -0 0 0 -0 0 0 0 -0 0 0 0 -0 0 0 0 0 0 0 0 0 0 0 0 -0 0 0 0 0 0 0 0 0 -0 0 0 -0 0 0 0 0 0 0 0 -0 0 0 0 -0 0 0 -0 0 0 
-0 -0 -0 -0 0 -0 0 0 0 0 1 -0 -0 0 -0 0 0 -0 -0 0 -0 0 0 -0 0 0 0 -0 0 0 0 -0 0 0 0 0 0 0 0 0 0 0 0 -0 0 0 0 0 0 0 0 0 -0 0 0 -0 0 0 0 0 0 0 0 -0 0 0 0 -0 0 0 -0 0 0 
-0 -0 -0 -0 0 -0 0 0 0 0 0 -0 -0 1 -0 0 0 -0 -0 0 -0 0 0 -0 0 0 0 -0 0 0 0 -0 0 0 0 0 0 0 0 0 0 0 0 -0 0 0 0 0 0 0 0 0 -0 0 0 -0 0 0 0 0 0 0 0 -0 0 0 0 -0 0 0 -0 0 0 
-0 -0 -0 -0 0 -0 0 0 0 0 0 -0 -0 0 -0 1 0 -0 -0 0 -0 0 0 -0 0 0 0 -0 0 0 0 -0 0 0 0 0 0 0 0 0 0 0 0 -0 0 0 0 0 0 0 0 0 -0 0 0 -0 0 0 0 0 0 0 0 -0 0 0 0 -0 0 0 -0 0 0 
-0 -0 -0 -0 0 -0 0 0 0 0 0 -0 -0 0 -0 0 1 -0 -0 0 -0 0 0 -0 0 0 0 -0 0 0 0 -0 0 0 0 0 0 0 0 0 0 0 0 -0 0 0 0 0 0 0 0 0 -0 0 0 -0 0 0 0 0 0 0 0 -0 0 0 0 -0 0 0 -0 0 0 
-0 -0 -0 -0 0 -0 0 0 0 0 0 -0 -0 0 -0 0 0 -0 -0 1 -0 0 0 -0 0 0 0 -0 0 0 0 -0 0 0 0 0 0 0 0 0 0 0 0 -0 0 0 0 0 0 0 0 0 -0 0 0 -0 0 0 0 0 0 0 0 -0 0 0 0 -0 0 0 -0 0 0 
-0 -0 -0 -0 0 -0 0 0 0 0 0 -0 -0 0 -0 0 0 -0 -0 0 -0 1 0 -0 0 0 0 -0 0 0 0 -0 0 0 0 0 0 0 0 0 0 0 0 -0 0 0 0 0 0 0 0 0 -0 0 0 -0 0 0 0 0 0 0 0 -0 0 0 0 -0 0 0 -0 0 0 
-0 -0 -0 -0 0 -0 0 0 0 0 0 -0 -0 0 -0 0 0 -0 -0 0 -0 0 1 -0 0 0 0 -0 0 0 0 -0 0 0 0 0 0 0 0 0 0 0 0 -0 0 0 0 0 0 0 0 0 -0 0 0 -0 0 0 0 0 0 0 0 -0 0 0 0 -0 0 0 -0 0 0 
-0 -0 -0 -0 0 -0 0 0 0 0 0 -0 -0 0 -0 0 0 -0 -0 0 -0 0 0 -0 1 0 0 -0 0 0 0 -0 0 0 0 0 0 0 0 0 0 0 0 -0 0 0 0 0 0 0 0 0 -0 0 0 -0 0 0 0 0 0 0 0 -0 0 0 0 -0 0 0 -0 0 0 
-0 -0 -0 -0 0 -0 0 0 0 0 0 -0 -0 0 -0 0 0 -0 -0 0 -0 0 0 -0 0 1 0 -0 0 0 0 -0 0 0 0 0 0 0 0 0 0 0 0 -0 0 0 0 0 0 0 0 0 -0 0 0 -0 0 0 0 0 0 0 0 -0 0 0 0 -0 0 0 -0 0 0 
-0 -0 -0 -0 0 -0 0 0 0 0 0 -0 -0 0 -0 0 0 -0 -0 0 -0 0 0 -0 0 0 1 -0 0 0 0 -0 0 0 0 0 0 0 0 0 0 0 0 -0 0 0 0 0 0 0 0 0 -0 0 0 -0 0 0 0 0 0 0 0 -0 0 0 0 -0 0 0 -0 0 0 
-0 -0 -0 -0 0 -0 0 0 0 0 0 -0 -0 0 -0 0 0 -0 -0 0 -0 0 0 -0 0 0 0 -0 1 0 0 -0 0 0 0 0 0 0 0 0 0 0 0 -0 0 0 0 0 0 0 0 0 -0 0 0 -0 0 0 0 0 0 0 0 -0 0 0 0 -0 0 0 -0 0 0 
-0 -0 -0 -0 0 -0 0 0 0 0 0 -0 -0 0 -0 0 0 -0 -0 0 -0 0 0 -0 0 0 0 -0 0 1 0 -0 0 0 0 0 0 0 0 0 0 0 0 -0 0 0 0 0 0 0 0 0 -0 0 0 -0 0 0 0 0 0 0 0 -0 0 0 0 -0 0 0 -0 0 0 
-0 -0 -0 -0 0 -0 0 0 0 0 0 -0 -0 0 -0 0 0 -0 -0 0 -0 0 0 -0 0 0 0 -0 0 0 1 -0 0 0 0 0 0 0 0 0 0 0 0 -0 0 0 0 0 0 0 0 0 -0 0 0 -0 0 0 0 0 0 0 0 -0 0 0 0 -0 0 0 -0 0 0 
-0 -0 -0 -0 0 -0 0 0 0 0 0 -0 -0 0 -0 0 0 -0 -0 0 -0 0 0 -0 0 0 0 -0 0 0 0 -0 1 0 0 0 0 0 0 0 0 0 0 -0 0 0 0 0 0 0 0 0 -0 0 0 -0 0 0 0 0 0 0 0 -0 0 0 0 -0 0 0 -0 0 0 
-0 -0 -0 -0 0 -0 0 0 0 0 0 -0 -0 0 -0 0 0 -0 -0 0 -0 0 0 -0 0 0 0 -0 0 0 0 -0 0 1 0 0 0 0 0 0 0 0 0 -0 0 0 0 0 0 0 0 0 -0 0 0 -0 0 0 0 0 0 0 0 -0 0 0 0 -0 0 0 -0 0 0 
-0 -0 -0 -0 0 -0 0 0 0 0 0 -0 -0 0 -0 0 0 -0 -0 0 -0 0 0 -0 0 0 0 -0 0 0 0 -0 0 0 1 0 0 0 0 0 0 0 0 -0 0 0 0 0 0 0 0 0 -0 0 0 -0 0 0 0 0 0 0 0 -0 0 0 0 -0 0 0 -0 0 0 
-0 -0 -0 -0 0 -0 0 0 0 0 0 -0 -0 0 -0 0 0 -0 -0 0 -0 0 0 -0 0 0 0 -0 0 0 0 -0 0 0 0 1 0 0 0 0 0 0 0 -0 0 0 0 0 0 0 0 0 -0 0 0 -0 0 0 0 0 0 0 0 -0 0 0 0 -0 0 0 -0 0 0 
-0 -0 -0 -0 0 -0 0 0 0 0 0 -0 -0 0 -0 0 0 -0 -0 0 -0 0 0 -0 0 0 0 -0 0 0 0 -0 0 0 0 0 1 0 0 0 0 0 0 -0 0 0 0 0 0 0 0 0 -0 0 0 -0 0 0 0 0 0 0 0 -0 0 0 0 -0 0 0 -0 0 0 
-0 -0 -0 -0 0 -0 0 0 0 0 0 -0 -0 0 -0 0 0 -0 -0 0 -0 0 0 -0 0 0 0 -0 0 0 0 -0 0 0 0 0 0 1 0 0 0 0 0 -0 0 0 0 0 0 0 0 0 -0 0 0 -0 0 0 0 0 0 0 0 -0 0 0 0 -0 0 0 -0 0 0 
-0 -0 -0 -0 0 -0 0 0 0 0 0 -0 -0 0 -0 0 0 -0 -0 0 -0 0 0 -0 0 0 0 -0 0 0 0 -0 0 0 0 0 0 0 1 0 0 0 0 -0 0 0 0 0 0 0 0 0 -0 0 0 -0 0 0 0 0 0 0 0 -0 0 0 0 -0 0 0 -0 0 0 
-0 -0 -0 -0 0 -0 0 0 0 0 0 -0 -0 0 -0 0 0 -0 -0 0 -0 0 0 -0 0 0 0 -0 0 0 0 -0 0 0 0 0 0 0 0 1 0 0 0 -0 0 0 0 0 0 0 0 0 -0 0 0 -0 0 0 0 0 0 0 0 -0 0 0 0 -0 0 0 -0 0 0 
-0 -0 -0 -0 0 -0 0 0 0 0 0 -0 -0 0 -0 0 0 -0 -0 0 -0 0 0 -0 0 0 0 -0 0 0 0 -0 0 0 0 0 0 0 0 0 1 0 0 -0 0 0 0 0 0 0 0 0 -0 0 0 -0 0 0 0 0 0 0 0 -0 0 0 0 -0 0 0 -0 0 0 
-0 -0 -0 -0 0 -0 0 0 0 0 0 -0 -0 0 -0 0 0 -0 -0 0 -0 0 0 -0 0 0 0 -0 0 0 0 -0 0 0 0 0 0 0 0 0 0 1 0 -0 0 0 0 0 0 0 0 0 -0 0 0 -0 0 0 0 0 0 0 0 -0 0 0 0 -0 0 0 -0 0 0 
-0 -0 -0 -0 0 -0 0 0 0 0 0 -0 -0 0 -0 0 0 -0 -0 0 -0 0 0 -0 0 0 0 -0 0 0 0 -0 0 0 0 0 0 0 0 0 0 0 1 -0 0 0 0 0 0 0 0 0 -0 0 0 -0 0 0 0 0 0 0 0 -0 0 0 0 -0 0 0 -0 0 0 
-0 -0 -0 -0 0 -0 0 0 0 0 0 -0 -0 0 -0 0 0 -0 -0 0 -0 0 0 -0 0 0 0 -0 0 0 0 -0 0 0 0 0 0 0 0 0 0 0 0 -0 1 0 0 0 0 0 0 0 -0 0 0 -0 0 0 0 0 0 0 0 -0 0 0 0 -0 0 0 -0 0 0 
-0 -0 -0 -0 0 -0 0 0 0 0 0 -0 -0 0 -0 0 0 -0 -0 0 -0 0 0 -0 0 0 0 -0 0 0 0 -0 0 0 0 0 0 0 0 0 0 0 0 -0 0 1 0 0 0 0 0 0 -0 0 0 -0 0 0 0 0 0 0 0 -0 0 0 0 -0 0 0 -0 0 0 
-0 -0 -0 -0 0 -0 0 0 0 0 0 -0 -0 0 -0 0 0 -0 -0 0 -0 0 0 -0 0 0 0 -0 0 0 0 -0 0 0 0 0 0 0 0 0 0 0 0 -0 0 0 1 0 0 0 0 0 -0 0 0 -0 0 0 0 0 0 0 0 -0 0 0 0 -0 0 0 -0 0 0 
-0 -0 -0 -0 0 -0 0 0 0 0 0 -0 -0 0 -0 0 0 -0 -0 0 -0 0 0 -0 0 0 0 -0 0 0 0 -0 0 0 0 0 0 0 0 0 0 0 0 -0 0 0 0 1 0 0 0 0 -0 0 0 -0 0 0 0 0 0 0 0 -0 0 0 0 -0 0 0 -0 0 0 
-0 -0 -0 -0 0 -0 0 0 0 0 0 -0 -0 0 -0 0 0 -0 -0 0 -0 0 0 -0 0 0 0 -0 0 0 0 -0 0 0 0 0 0 0 0 0 0 0 0 -0 0 0 0 0 1 0 0 0 -0 0 0 -0 0 0 0 0 0 0 0 -0 0 0 0 -0 0 0 -0 0 0 
-0 -0 -0 -0 0 -0 0 0 0 0 0 -0 -0 0 -0 0 0 -0 -0 0 -0 0 0 -0 0 0 0 -0 0 0 0 -0 0 0 0 0 0 0 0 0 0 0 0 -0 0 0 0 0 0 1 0 0 -0 0 0 -0 0 0 0 0 0 0 0 -0 0 0 0 -0 0 0 -0 0 0 
-0 -0 -0 -0 0 -0 0 0 0 0 0 -0 -0 0 -0 0 0 -0 -0 0 -0 0 0 -0 0 0 0 -0 0 0 0 -0 0 0 0 0 0 0 0 0 0 0 0 -0 0 0 0 0 0 0 1 0 -0 0 0 -0 0 0 0 0 0 0 0 -0 0 0 0 -0 0 0 -0 0 0 
-0 -0 -0 -0 0 -0 0 0 0 0 0 -0 -0 0 -0 0 0 -0 -0 0 -0 0 0 -0 0 0 0 -0 0 0 0 -0 0 0 0 0 0 0 0 0 0 0 0 -0 0 0 0 0 0 0 0 1 -0 0 0 -0 0 0 0 0 0 0 0 -0 0 0 0 -0 0 0 -0 0 0 
-0 -0 -0 -0 0 -0 0 0 0 0 0 -0 -0 0 -0 0 0 -0 -0 0 -0 0 0 -0 0 0 0 -0 0 0 0 -0 0 0 0 0 0 0 0 0 0 0 0 -0 0 0 0 0 0 0 0 0 -0 1 0 -0 0 0 0 0 0 0 0 -0 0 0 0 -0 0 0 -0 0 0 
-0 -0 -0 -0 0 -0 0 0 0 0 0 -0 -0 0 -0 0 0 -0 -0 0 -0 0 0 -0 0 0 0 -0 0 0 0 -0 0 0 0 0 0 0 0 0 0 0 0 -0 0 0 0 0 0 0 0 0 -0 0 1 -0 0 0 0 0 0 0 0 -0 0 0 0 -0 0 0 -0 0 0 
-0 -0 -0 -0 0 -0 0 0 0 0 0 -0 -0 0 -0 0 0 -0 -0 0 -0 0 0 -0 0 0 0 -0 0 0 0 -0 0 0 0 0 0 0 0 0 0 0 0 -0 0 0 0 0 0 0 0 0 -0 0 0 -0 1 0 0 0 0 0 0 -0 0 0 0 -0 0 0 -0 0 0 
-0 -0 -0 -0 0 -0 0 0 0 0 0 -0 -0 0 -0 0 0 -0 -0 0 -0 0 0 -0 0 0 0 -0 0 0 0 -0 0 0 0 0 0 0 0 0 0 0 0 -0 0 0 0 0 0 0 0 0 -0 0 0 -0 0 1 0 0 0 0 0 -0 0 0 0 -0 0 0 -0 0 0 
-0 -0 -0 -0 0 -0 0 0 0 0 0 -0 -0 0 -0 0 0 -0 -0 0 -0 0 0 -0 0 0 0 -0 0 0 0 -0 0 0 0 0 0 0 0 0 0 0 0 -0 0 0 0 0 0 0 0 0 -0 0 0 -0 0 0 1 0 0 0 0 -0 0 0 0 -0 0 0 -0 0 0 
-0 -0 -0 -0 0 -0 0 0 0 0 0 -0 -0 0 -0 0 0 -0 -0 0 -0 0 0 -0 0 0 0 -0 0 0 0 -0 0 0 0 0 0 0 0 0 0 0 0 -0 0 0 0 0 0 0 0 0 -0 0 0 -0 0 0 0 1 0 0 0 -0 0 0 0 -0 0 0 -0 0 0 
-0 -0 -0 -0 0 -0 0 0 0 0 0 -0 -0 0 -0 0 0 -0 -0 0 -0 0 0 -0 0 0 0 -0 0 0 0 -0 0 0 0 0 0 0 0 0 0 0 0 -0 0 0 0 0 0 0 0 0 -0 0 0 -0 0 0 0 0 1 0 0 -0 0 0 0 -0 0 0 -0 0 0 
-0 -0 -0 -0 0 -0 0 0 0 0 0 -0 -0 0 -0 0 0 -0 -0 0 -0 0 0 -0 0 0 0 -0 0 0 0 -0 0 0 0 0 0 0 0 0 0 0 0 -0 0 0 0 0 0 0 0 0 -0 0 0 -0 0 0 0 0 0 1 0 -0 0 0 0 -0 0 0 -0 0 0 
-0 -0 -0 -0 0 -0 0 0 0 0 0 -0 -0 0 -0 0 0 -0 -0 0 -0 0 0 -0 0 0 0 -0 0 0 0 -0 0 0 0 0 0 0 0 0 0 0 0 -0 0 0 0 0 0 0 0 0 -0 0 0 -0 0 0 0 0 0 0 1 -0 0 0 0 -0 0 0 -0 0 0 
-0 -0 -0 -0 0 -0 0 0 0 0 0 -0 -0 0 -0 0 0 -0 -0 0 -0 0 0 -0 0 0 0 -0 0 0 0 -0 0 0 0 0 0 0 0 0 0 0 0 -0 0 0 0 0 0 0 0 0 -0 0 0 -0 0 0 0 0 0 0 0 -0 1 0 0 -0 0 0 -0 0 0 
-0 -0 -0 -0 0 -0 0 0 0 0 0 -0 -0 0 -0 0 0 -0 -0 0 -0 0 0 -0 0 0 0 -0 0 0 0 -0 0 0 0 0 0 0 0 0 0 0 0 -0 0 0 0 0 0 0 0 0 -0 0 0 -0 0 0 0 0 0 0 0 -0 0 1 0 -0 0 0 -0 0 0 
-0 -0 -0 -0 0 -0 0 0 0 0 0 -0 -0 0 -0 0 0 -0 -0 0 -0 0 0 -0 0 0 0 -0 0 0 0 -0 0 0 0 0 0 0 0 0 0 0 0 -0 0 0 0 0 0 0 0 0 -0 0 0 -0 0 0 0 0 0 0 0 -0 0 0 1 -0 0 0 -0 0 0 
-0 -0 -0 -0 0 -0 0 0 0 0 0 -0 -0 0 -0 0 0 -0 -0 0 -0 0 0 -0 0 0 0 -0 0 0 0 -0 0 0 0 0 0 0 0 0 0 0 0 -0 0 0 0 0 0 0 0 0 -0 0 0 -0 0 0 0 0 0 0 0 -0 0 0 0 -0 1 0 -0 0 0 
-0 -0 -0 -0 0 -0 0 0 0 0 0 -0 -0 0 -0 0 0 -0 -0 0 -0 0 0 -0 0 0 0 -0 0 0 0 -0 0 0 0 0 0 0 0 0 0 0 0 -0 0 0 0 0 0 0 0 0 -0 0 0 -0 0 0 0 0 0 0 0 -0 0 0 0 -0 0 1 -0 0 0 
-0 -0 -0 -0 0 -0 0 0 0 0 0 -0 -0 0 -0 0 0 -0 -0 0 -0 0 0 -0 0 0 0 -0 0 0 0 -0 0 0 0 0 0 0 0 0 0 0 0 -0 0 0 0 0 0 0 0 0 -0 0 0 -0 0 0 0 0 0 0 0 -0 0 0 0 -0 0 0 -0 1 0 
-0 -0 -0 -0 0 -0 0 0 0 0 0 -0 -0 0 -0 0 0 -0 -0 0 -0 0 0 -0 0 0 0 -0 0 0 0 -0 0 0 0 0 0 0 0 0 0 0 0 -0 0 0 0 0 0 0 0 0 -0 0 0 -0 0 0 0 0 0 0 0 -0 0 0 0 -0 0 0 -0 0 1 

 1:	cpd:C00026 = const
 2:	cpd:C00068 + cpd:C05381 = const
 3:	cpd:C00579 + cpd:C00248 + cpd:C01169 = const
 4:	cpd:C00042 = const
 5:	cpd:C00042 = const
 6:	cpd:C00042 = const
 7:	cpd:C00311 = const
 8:	cpd:C00158 = const
 9:	cpd:C00158 = const
 10:	cpd:C00024 = const
 11:	cpd:C00566 = const
 12:	cpd:C00042 = const
 13:	cpd:C00158 = const
 14:	cpd:C00024 = const
 15:	cpd:C00036 = const
 16:	cpd:C00036 = const
 17:	cpd:C00036 = const
 18:	cpd:C00036 = const
 19:	cpd:C00091 = const
 20:	cpd:C00248 = const
 21:	cpd:C05381 = const
 22:	cpd:C00068 = const
 23:	cpd:C01169 = const
 24:	cpd:C00579 = const
 25:	cpd:C00091 = const
 26:	cpd:C00091 = const
 27:	cpd:C00091 = const
 28:	cpd:C00091 = const
 29:	cpd:C00026 = const
 30:	cpd:C00026 = const
 31:	cpd:C00011 = const
 32:	cpd:C05379 = const
 33:	cpd:C00311 = const
 34:	cpd:C00036 = const
 35:	cpd:C00566 = const
 36:	cpd:C00158 = const
 37:	cpd:C00158 = const
 38:	cpd:C00024 = const
 39:	cpd:C00036 = const
 40:	cpd:C00122 = const
 41:	cpd:C00311 = const
 42:	cpd:C00417 = const
 43:	cpd:C00158 = const
 44:	cpd:C00010 = const
 45:	cpd:C00036 = const
 46:	cpd:C00036 = const
 47:	cpd:C00074 = const
 48:	cpd:C00042 = const
 49:	cpd:C00149 = const
 50:	cpd:C00122 = const
 51:	cpd:C00011 = const
 52:	cpd:C00010 = const
 53:	cpd:C00074 = const


SUBSETS

 matrix dimension r28 x c36
1 0 0 0 0 0 0 0 0 0 0 0 0 0 0 0 0 0 0 0 0 0 0 0 0 0 0 0 0 0 0 0 0 0 0 0 
0 1 0 0 0 0 0 0 0 0 0 0 0 0 0 0 0 0 0 0 0 0 0 0 0 0 0 0 0 0 0 0 0 0 0 0 
0 0 1 0 0 0 0 0 0 0 0 0 0 0 0 0 0 0 0 0 0 0 0 0 0 0 0 0 0 0 0 0 0 0 0 0 
0 0 0 1 0 0 0 0 0 0 0 0 0 0 0 0 0 0 0 0 0 0 0 0 0 0 0 0 0 0 0 0 0 0 0 0 
0 0 0 0 1 0 0 0 0 0 0 0 0 0 0 0 0 0 0 0 0 0 0 0 0 0 0 0 0 0 0 0 0 0 0 0 
0 0 0 0 0 1 1 1 1 0 0 0 0 0 0 0 0 0 0 0 0 0 0 0 0 0 0 0 0 0 0 0 0 0 0 0 
0 0 0 0 0 0 0 0 0 1 0 0 0 0 0 0 0 0 0 0 0 0 0 0 0 0 0 0 0 0 0 0 0 0 0 0 
0 0 0 0 0 0 0 0 0 0 1 0 0 0 0 0 0 0 0 0 0 0 0 0 0 0 0 0 0 0 0 0 0 0 0 0 
0 0 0 0 0 0 0 0 0 0 0 1 0 0 0 0 0 0 0 0 0 0 0 0 0 0 0 0 0 0 0 0 0 0 0 0 
0 0 0 0 0 0 0 0 0 0 0 0 1 0 1 0 0 0 0 0 0 0 0 0 0 0 0 0 0 0 0 0 0 0 0 0 
0 0 0 0 0 0 0 0 0 0 0 0 0 1 0 0 0 0 0 0 0 0 0 0 0 0 0 0 0 0 0 0 0 0 0 0 
0 0 0 0 0 0 0 0 0 0 0 0 0 0 0 1 0 0 0 0 0 0 0 0 0 0 0 0 0 0 0 0 0 0 0 0 
0 0 0 0 0 0 0 0 0 0 0 0 0 0 0 0 1 0 0 0 0 0 0 0 0 0 0 0 0 0 0 0 0 -1 0 0 
0 0 0 0 0 0 0 0 0 0 0 0 0 0 0 0 0 1 0 0 0 0 0 0 0 0 0 0 0 0 0 0 0 0 0 0 
0 0 0 0 0 0 0 0 0 0 0 0 0 0 0 0 0 0 1 0 0 0 0 0 0 0 0 0 0 0 0 0 0 0 0 0 
0 0 0 0 0 0 0 0 0 0 0 0 0 0 0 0 0 0 0 1 0 0 0 0 0 0 0 0 0 0 0 0 0 0 0 0 
0 0 0 0 0 0 0 0 0 0 0 0 0 0 0 0 0 0 0 0 1 0 0 0 0 0 0 0 0 0 0 0 0 0 0 0 
0 0 0 0 0 0 0 0 0 0 0 0 0 0 0 0 0 0 0 0 0 1 0 0 0 0 0 0 0 0 0 0 0 0 0 0 
0 0 0 0 0 0 0 0 0 0 0 0 0 0 0 0 0 0 0 0 0 0 1 1 0 0 0 0 0 0 0 0 0 0 0 0 
0 0 0 0 0 0 0 0 0 0 0 0 0 0 0 0 0 0 0 0 0 0 0 0 1 0 0 0 0 0 0 0 0 0 0 0 
0 0 0 0 0 0 0 0 0 0 0 0 0 0 0 0 0 0 0 0 0 0 0 0 0 1 0 0 0 0 1 0 0 0 0 0 
0 0 0 0 0 0 0 0 0 0 0 0 0 0 0 0 0 0 0 0 0 0 0 0 0 0 1 0 0 0 0 0 0 0 0 0 
0 0 0 0 0 0 0 0 0 0 0 0 0 0 0 0 0 0 0 0 0 0 0 0 0 0 0 1 0 0 0 0 0 0 0 0 
0 0 0 0 0 0 0 0 0 0 0 0 0 0 0 0 0 0 0 0 0 0 0 0 0 0 0 0 1 0 0 0 0 0 0 0 
0 0 0 0 0 0 0 0 0 0 0 0 0 0 0 0 0 0 0 0 0 0 0 0 0 0 0 0 0 1 0 0 0 0 0 0 
0 0 0 0 0 0 0 0 0 0 0 0 0 0 0 0 0 0 0 0 0 0 0 0 0 0 0 0 0 0 0 1 0 0 0 0 
0 0 0 0 0 0 0 0 0 0 0 0 0 0 0 0 0 0 0 0 0 0 0 0 0 0 0 0 0 0 0 0 1 0 0 0 
0 0 0 0 0 0 0 0 0 0 0 0 0 0 0 0 0 0 0 0 0 0 0 0 0 0 0 0 0 0 0 0 0 0 0 1 

 enzymes

 1: (1)	rn:R01197 irreversible
 2: (1)	rn:R00352 irreversible
 3: (1)	rn:R00351 irreversible
 4: (1)	rn:R00407 irreversible
 5: (1)	rn:R00412 reversible
 6: (4)	rn:R01698 rn:R00621 rn:R03316 rn:R02570 reversible
 7: (1)	rn:R00405 reversible
 8: (1)	rn:R00432 reversible
 9: (1)	rn:R00727 reversible
 10: (2)	rn:R00268 rn:R01899 reversible
 11: (1)	rn:R00709 reversible
 12: (1)	rn:R01324 reversible
 13: (2)	rn:R00362 -cpd:C00033_Rx reversible
 14: (1)	rn:R01323 reversible
 15: (1)	rn:R01322 reversible
 16: (1)	rn:R00354 reversible
 17: (1)	rn:R02164 reversible
 18: (1)	rn:R01082 reversible
 19: (2)	rn:R01900 rn:R01325 reversible
 20: (1)	rn:R00342 reversible
 21: (2)	rn:R00344 cpd:C00022_Rx reversible
 22: (1)	rn:R00431 reversible
 23: (1)	rn:R00726 reversible
 24: (1)	rn:R00341 reversible
 25: (1)	cpd:C00149_Rx reversible
 26: (1)	cpd:C00122_Rx reversible
 27: (1)	cpd:C00011_Rx reversible
 28: (1)	cpd:C00074_Rx reversible

The following enzymes do not participate in any reaction:
